SRRS Channel Frequency Lists

1 325.0000 
2 325.0125 
3 325.0250 
4 325.0375 
5 325.0500 
6 325.0625 
7 325.0750 
8 325.0875 
9 325.1000 
10 325.1125 
11 325.1250 
12 325.1375 
13 325.1500 
14 325.1625 
15 325.1750 
16 325.1875 
17 325.2000 
18 325.2125 
19 325.2250 
20 325.2375 
21 325.2500 
22 325.2625 
23 325.2750 
24 325.2875 
25 325.3000 
26 325.3125 
27 325.3250 
28 325.3375 
29 325.3500 
30 325.3625 
31 325.3750 
32 325.3875 
33 325.4000 
34 325.4125 
35 325.4250 
36 325.4375 
37 325.4500 
38 325.4625 
39 325.4750 
40 325.4875
